% Intrinsic and Extrinsic Camera Parameters
% For details regarding the calibration parameters visit http://www.vision.caltech.edu/bouguetj/calib_doc/


%-- Focal length:
fc = [ 6682.125964; 6681.475962 ];

%-- Principal point:
cc = [ 1075.207200; 757.700292 ];
%-- Skew coefficient:
alpha_c = 0.000101;

%-- Distortion coefficients:
kc = [-0.106090; -0.533543; -0.005174; 0.000517; 0.000000];


% Extrinsic parameters:

n_ima = 8;
%-- Image #8:
omc_8 = [ 1.797318 ; 1.018771 ; -0.713289 ];
Tc_8 = [ -614.549000 ; 193.240700 ; 3242.754000 ];

%-- 3x4 projection matrix
proj_8 = [ 2406.49 6284.26 -723.69 -619731; 1648.01 -1237.82 -6400.63 3.74817e+06; -0.803929 0.431864 -0.40889 3242.75];


%-- Image #9:
omc_9 = [ 1.984307 ; 0.249239 ; -0.212956 ];
Tc_9 = [ -567.247600 ; 346.455300 ; 2898.329000 ];

%-- 3x4 projection matrix
proj_9 = [ 6148.21 2744.53 -688.395 -673882; 327.394 -2039.97 -6399.03 4.5109e+06; -0.261105 0.873764 -0.410318 2898.33];


%-- Image #10:
omc_10 = [ 1.931626 ; -0.527031 ; 0.296320 ];
Tc_10 = [ -263.584100 ; 431.463800 ; 2677.221000 ];

%-- 3x4 projection matrix
proj_10 = [ 6292.31 -2403.73 -660.142 1.11756e+06; -1178.36 -1665.79 -6407.25 4.91135e+06; 0.43499 0.803169 -0.407068 2677.22];


%-- Image #11:
omc_11 = [ 1.641565 ; -1.269596 ; 0.789176 ];
Tc_11 = [ 117.899100 ; 398.050200 ; 2708.724000 ];

%-- 3x4 projection matrix
proj_11 = [ 2763.86 -6142.89 -657.936 3.70052e+06; -1977.11 -335.481 -6418.31 4.71196e+06; 0.877158 0.262681 -0.401985 2708.72];


%-- Image #12:
omc_12 = [ 1.108131 ; -1.934059 ; 1.235675 ];
Tc_12 = [ 354.515300 ; 267.068600 ; 2979.614000 ];

%-- 3x4 projection matrix
proj_12 = [ -2360.14 -6305.94 -686.865 5.5728e+06; -1608.95 1171.89 -6422.94 4.04207e+06; 0.809708 -0.430068 -0.399268 2979.61];


%-- Image #13:
omc_13 = [ 0.313241 ; -2.463311 ; 1.597598 ];
Tc_13 = [ 309.408300 ; 113.864100 ; 3333.888000 ];

%-- 3x4 projection matrix
proj_13 = [ -6123.45 -2791.57 -719.317 5.6522e+06; -288.369 1992.32 -6415.9 3.28687e+06; 0.270443 -0.87483 -0.401912 3333.89];


%-- Image #14:
omc_14 = [ 0.645857 ; 2.362690 ; -1.558559 ];
Tc_14 = [ 7.011027 ; 28.697870 ; 3557.027000 ];

%-- 3x4 projection matrix
proj_14 = [ -6300.76 2362.94 -723.749 3.87141e+06; 1214.04 1619.84 -6412.37 2.8869e+06; -0.42766 -0.808901 -0.403469 3557.03];


%-- Image #15:
omc_15 = [ 1.352273 ; 1.749453 ; -1.174959 ];
Tc_15 = [ -374.388200 ; 60.032530 ; 3517.566000 ];

%-- 3x4 projection matrix
proj_15 = [ -2792.57 6123.81 -712.287 1.28044e+06; 2018.92 309.258 -6406.6 3.06637e+06; -0.872964 -0.269778 -0.40639 3517.57];


