% Intrinsic and Extrinsic Camera Parameters
% For details regarding the calibration parameters visit http://www.vision.caltech.edu/bouguetj/calib_doc/


%-- Focal length:
fc = [ 6704.926882; 6705.241311 ];

%-- Principal point:
cc = [ 838.251932; 857.560286 ];
%-- Skew coefficient:
alpha_c = 0.000103;

%-- Distortion coefficients:
kc = [-0.125368; -0.097388; -0.003711; -0.000161; 0.000000];


% Extrinsic parameters:

n_ima = 8;
%-- Image #0:
omc_0 = [ 1.918835 ; 0.768994 ; -0.527060 ];
Tc_0 = [ -532.285900 ; 207.183600 ; 2977.408000 ];

%-- 3x4 projection matrix
proj_0 = [ 4200.51 5257.67 -609.352 -1.07298e+06; 1378.44 -1704.78 -6394.47 3.94252e+06; -0.645659 0.624306 -0.439734 2977.41];


%-- Image #1:
omc_1 = [ 2.025148 ; -0.020114 ; -0.030525 ];
Tc_1 = [ -382.960200 ; 356.936300 ; 2658.305000 ];

%-- 3x4 projection matrix
proj_1 = [ 6691.06 747.814 -573.702 -339145; -197.544 -2173.34 -6397.91 4.673e+06; -0.0127641 0.89847 -0.438849 2658.3];


%-- Image #2:
omc_2 = [ 1.889066 ; -0.802025 ; 0.466251 ];
Tc_2 = [ -26.624130 ; 408.852500 ; 2519.837000 ];

%-- 3x4 projection matrix
proj_2 = [ 5265.53 -4198.45 -553.068 1.93403e+06; -1643.1 -1388.85 -6408.35 4.90237e+06; 0.628109 0.645359 -0.434731 2519.84];


%-- Image #3:
omc_3 = [ 1.509230 ; -1.533975 ; 0.935980 ];
Tc_3 = [ 327.395200 ; 332.688200 ; 2642.864000 ];

%-- 3x4 projection matrix
proj_3 = [ 776.238 -6688.57 -564.981 4.41078e+06; -2109.95 189.207 -6419.35 4.49717e+06; 0.902762 0.0157529 -0.429851 2642.86];


%-- Image #4:
omc_4 = [ 0.877136 ; -2.167762 ; 1.345997 ];
Tc_4 = [ 473.933400 ; 173.982300 ; 2962.724000 ];

%-- 3x4 projection matrix
proj_4 = [ -4160.49 -5290.21 -602.278 5.66132e+06; -1337.87 1646.14 -6418.41 3.70731e+06; 0.653324 -0.623345 -0.42966 2962.72];


%-- Image #5:
omc_5 = [ -0.023684 ; -2.626652 ; 1.656064 ];
Tc_5 = [ 327.147400 ; 24.493770 ; 3287.653000 ];

%-- 3x4 projection matrix
proj_5 = [ -6680.73 -799.528 -622.393 4.9494e+06; 235.925 2117.73 -6415.24 2.9836e+06; 0.0226249 -0.902223 -0.430676 3287.65];


%-- Image #6:
omc_6 = [ 0.932470 ; 2.194539 ; -1.400277 ];
Tc_6 = [ -28.723120 ; -28.982890 ; 3424.269000 ];

%-- 3x4 projection matrix
proj_6 = [ -5284.58 4165.17 -619.134 2.67779e+06; 1682.46 1356.23 -6405.13 2.74218e+06; -0.621296 -0.651692 -0.435075 3424.27];


%-- Image #7:
omc_7 = [ 1.555021 ; 1.530573 ; -0.999290 ];
Tc_7 = [ -383.687400 ; 46.166570 ; 3293.834000 ];

%-- 3x4 projection matrix
proj_7 = [ -806.641 6680.08 -620.13 188498; 2156.35 -225.694 -6402.72 3.13422e+06; -0.899599 -0.0236263 -0.436077 3293.83];


